function qd = Path_PerfilQuintico_1(t)
% function [q1d,q2d,q3d,q4d,q5d,q6d,q1pd,q2pd,q3pd,q4pd,q5pd,q6pd,q1ppd,q2ppd,q3ppd,q4ppd,q5ppd,q6ppd] = Path_PerfilQuintico(t)

time = round((t*10)+1);

PQ_Path = [0.000228 0.000114 0.000057 0.000029 0.000014 0.000007 0.000002 0.000000 0.000000 0.000000 0.000000 -0.000000 -0.000000 -0.000000 -0.000000 -0.000000 -0.000000 -0.000000 -0.000000 -0.000000 -0.000000 -0.000000 -0.000000 -0.000000 -0.000000 -0.000000 -0.000000 -0.000000 -0.000000 -0.000000 -0.000000 -0.000000 -0.000000 -0.000000 -0.000000 -0.000000 -0.000000 -0.000000 -0.000000 -0.000000 -0.000000 -0.000000 -0.000000 -0.000000 -0.000000 -0.000000 -0.000000 -0.000000 -0.000000 -0.000000 -0.000000 -0.000000 -0.000000 -0.000000 -0.000000 -0.000000 -0.000000 -0.000000 -0.000000 -0.000000 -0.000000 -0.000000 -0.000000 -0.000000 -0.000000 -0.000000 -0.000000 -0.000000 -0.000000 -0.000000 -0.000000 -0.000000 -0.000000 -0.000000 -0.000000 -0.000000 -0.000000 -0.000000 -0.000000 -0.000018 -0.000148 -0.000483 -0.001093 -0.002032 -0.003342 -0.005048 -0.007106 -0.009528 -0.012271 -0.015292 -0.018533 -0.021936 -0.025447 -0.029006 -0.032563 -0.036080 -0.039517 -0.042828 -0.046002 -0.049011 -0.051833 -0.054460 -0.056909 -0.059151 -0.061189 -0.063020 -0.064655 -0.066096 -0.067347 -0.068416 -0.069308 -0.070040 -0.070607 -0.071042 -0.071347 -0.071546 -0.071645 -0.071685 -0.071691 -0.071691 -0.071690 -0.071690 -0.071690 -0.071690 -0.071690 -0.071688 -0.071690 -0.071691 -0.071691 -0.071690 -0.071691 -0.071690 -0.071666 -0.071678 -0.071684 -0.071684 -0.071681 -0.071642 -0.071540 -0.071354 -0.071044 -0.070611 -0.070037 -0.069310 -0.068419 -0.067350 -0.066097 -0.064656 -0.063018 -0.061186 -0.059152 -0.056913 -0.054468 -0.051830 -0.049006 -0.046003 -0.042829 -0.039515 -0.036082 -0.032571 -0.029006 -0.025446 -0.021936 -0.018534 -0.015293 -0.012270 -0.009532 -0.007104 -0.005034 -0.003342 -0.002033 -0.001091 -0.000484 -0.000150 -0.000020 -0.000000 -0.000000 -0.000000 -0.000000 -0.000000 -0.000000 -0.000000 -0.000000 -0.000000 -0.000000 -0.000000 -0.000000 -0.000000 -0.000000 -0.000000 -0.000000 -0.000000 -0.000000 -0.000000 -0.000000 -0.000000 -0.000000 -0.000000 -0.000000 -0.000000 -0.000000 -0.000000 -0.000000 -0.000000 -0.000000 -0.000000 -0.000000 -0.000000 -0.000000 -0.000000 -0.000000 -0.000000 -0.000000 -0.000000 -0.000000 -0.000000 -0.000000 -0.000000 -0.000000 -0.000000 -0.000000 -0.000000 -0.000000 -0.000000 -0.000000 0.000018 0.000148 0.000481 0.001094 0.002033 0.003341 0.005033 0.007103 0.009525 0.012273 0.015298 0.018533 0.021934 0.025444 0.029013 0.032567 0.036078 0.039512 0.042785 0.045989 0.049003 0.051830 0.054468 0.056918 0.059152 0.061186 0.063013 0.064655 0.066099 0.067350 0.068418 0.069331 0.070044 0.070613 0.071047 0.071347 0.071544 0.071645 0.071682 0.071689 0.071689 0.071690 0.071690 0.071689 0.071690 0.071701 0.071693 0.071691 0.071689 0.071691 0.071690 0.071690 0.071692 0.071691 0.071690 0.071690 0.071690 0.071684 0.071647 0.071542 0.071347 0.071042 0.070615 0.070039 0.069465 0.068456 0.067359 0.066100 0.064655 0.063017 0.061182 0.059147 0.056908 0.054470 0.051821 0.049002 0.045997 0.042837 0.039515 0.036080 0.032565 0.029004 0.025444 0.021934 0.018531 0.015292 0.012272 0.009527 0.007101 0.005033 0.003340 0.002032 0.001089 0.000482 0.000148 0.000019 -0.000000 -0.000000 -0.000000 -0.000000 -0.000000 -0.000000 -0.000000 -0.000000 -0.000000 -0.000000 -0.000000 -0.000000 -0.000000 -0.000000 -0.000000 -0.000000 -0.000000 -0.000000 -0.000000 -0.000000 -0.000000 -0.000000 -0.000000 -0.000000 -0.000000 -0.000000 -0.000000 -0.000000 -0.000000 -0.000000 -0.000000 -0.000000 -0.000000 -0.000000 -0.000000 -0.000000 -0.000000 -0.000000 -0.000000 -0.000000 -0.000000 -0.000000 -0.000000 -0.000000 -0.000000 -0.000000 -0.000000 -0.000000 -0.000000 -0.000000 -0.000000 -0.000000 -0.000000;
            -0.254035 -0.254385 -0.254198 -0.253295 -0.251500 -0.248679 -0.244798 -0.239766 -0.233655 -0.226557 -0.218631 -0.210038 -0.201002 -0.191720 -0.182437 -0.173348 -0.164674 -0.156585 -0.149243 -0.142772 -0.137279 -0.132812 -0.129409 -0.127053 -0.125679 -0.125260 -0.125644 -0.126710 -0.128306 -0.130280 -0.132466 -0.134710 -0.136873 -0.138843 -0.140527 -0.141878 -0.142854 -0.143517 -0.143880 -0.144022 -0.144043 -0.144043 -0.144116 -0.144575 -0.145712 -0.147694 -0.150612 -0.154518 -0.159311 -0.164911 -0.171147 -0.177802 -0.184624 -0.191337 -0.197648 -0.203285 -0.208019 -0.211668 -0.214221 -0.215699 -0.216309 -0.216405 -0.216405 -0.216186 -0.214838 -0.211677 -0.206554 -0.199616 -0.191339 -0.182350 -0.173330 -0.164910 -0.157619 -0.151821 -0.147704 -0.145238 -0.144209 -0.144044 -0.144044 -0.144164 -0.144967 -0.147040 -0.150869 -0.156831 -0.165222 -0.176243 -0.190011 -0.206576 -0.225918 -0.247955 -0.272579 -0.299626 -0.328943 -0.360315 -0.393537 -0.428423 -0.464712 -0.502225 -0.540777 -0.580011 -0.620062 -0.660447 -0.700998 -0.741524 -0.781750 -0.821488 -0.860414 -0.898188 -0.934398 -0.968738 -1.000578 -1.029307 -1.054317 -1.074896 -1.090608 -1.101278 -1.107244 -1.109596 -1.109961 -1.109961 -1.109867 -1.109279 -1.107974 -1.106164 -1.104065 -1.102139 -1.100730 -1.099998 -1.099931 -1.100350 -1.101009 -1.101588 -1.102080 -1.102310 -1.102348 -1.102348 -1.102086 -1.100338 -1.095843 -1.087762 -1.075513 -1.058841 -1.037952 -1.013156 -0.984900 -0.953639 -0.919884 -0.884047 -0.846557 -0.807768 -0.767991 -0.727510 -0.686679 -0.645684 -0.604800 -0.564263 -0.524321 -0.485210 -0.447191 -0.410499 -0.375398 -0.342132 -0.310940 -0.282075 -0.255739 -0.232408 -0.211431 -0.193573 -0.178744 -0.166874 -0.157830 -0.151403 -0.147271 -0.145037 -0.144171 -0.144042 -0.144042 -0.144042 -0.144042 -0.144042 -0.144042 -0.144042 -0.144042 -0.144042 -0.144042 -0.144042 -0.144042 -0.144042 -0.144042 -0.144042 -0.144042 -0.144042 -0.144042 -0.144211 -0.145247 -0.147688 -0.151822 -0.157623 -0.164914 -0.173328 -0.182343 -0.191337 -0.199618 -0.206555 -0.211688 -0.214823 -0.216186 -0.216406 -0.216406 -0.216187 -0.214829 -0.211672 -0.206553 -0.199651 -0.191347 -0.182352 -0.173330 -0.164911 -0.157623 -0.151824 -0.147705 -0.145237 -0.144209 -0.144044 -0.144044 -0.144164 -0.144968 -0.147043 -0.150868 -0.156832 -0.165224 -0.176249 -0.190013 -0.206575 -0.225915 -0.247955 -0.272580 -0.299640 -0.328947 -0.360312 -0.393537 -0.428424 -0.464712 -0.502232 -0.540720 -0.580117 -0.620092 -0.660487 -0.701013 -0.741514 -0.781776 -0.821491 -0.860416 -0.898182 -0.934465 -0.968751 -1.000527 -1.029299 -1.054302 -1.074935 -1.090613 -1.101003 -1.107175 -1.109558 -1.109944 -1.109944 -1.109856 -1.109267 -1.107947 -1.106150 -1.104054 -1.102117 -1.100713 -1.099981 -1.099915 -1.100339 -1.101000 -1.101562 -1.102071 -1.102304 -1.102345 -1.102345 -1.102083 -1.100329 -1.095827 -1.087760 -1.075518 -1.058844 -1.037958 -1.013150 -0.984880 -0.953627 -0.919868 -0.884033 -0.846548 -0.807760 -0.767985 -0.727476 -0.686671 -0.645686 -0.604799 -0.564262 -0.524320 -0.485215 -0.447185 -0.410502 -0.375397 -0.342130 -0.310952 -0.282077 -0.255741 -0.232120 -0.211362 -0.193556 -0.178743 -0.166873 -0.157826 -0.151402 -0.147278 -0.145040 -0.144173 -0.144043 -0.144043 -0.143936 -0.143219 -0.141415 -0.138203 -0.133390 -0.126967 -0.119098 -0.109962 -0.100012 -0.089681 -0.079446 -0.069790 -0.061143 -0.053833 -0.048127 -0.044182 -0.041961 -0.041406 -0.042330 -0.044420 -0.047372 -0.050869 -0.054384 -0.057731 -0.060621 -0.062882 -0.064428 -0.065307 -0.065663 -0.065716 -0.065716 -0.065716 -0.065716 -0.065716 -0.065716 -0.065716 -0.065716 -0.065716 -0.065716 -0.065716 -0.065716 -0.065716 -0.065716 -0.065716 -0.065716 -0.065716 -0.065716 -0.065716 -0.065716 -0.065716 -0.065716 ;
