
pqpath =

  Columns 1 through 9

    0.0002    0.0001    0.0001    0.0000    0.0000    0.0000    0.0000    0.0000    0.0000
   -0.2540   -0.2544   -0.2542   -0.2533   -0.2515   -0.2487   -0.2448   -0.2398   -0.2337
    0.5009    0.5012    0.5003    0.4974    0.4919    0.4833    0.4714    0.4558    0.4366
    3.1403    3.1409    3.1413    3.1414    3.1415    3.1416    3.1416    3.1416    3.1416
    1.8143    1.8160    1.8161    1.8145    1.8110    1.8054    1.7974    1.7868    1.7737
   -0.0001   -0.0000   -0.0000   -0.0000   -0.0000   -0.0000   -0.0000   -0.0000   -0.0000
         0    0.0000    0.0000    0.0000    0.0000    0.0000    0.0000    0.0000    0.0000
         0   -0.0002   -0.0007   -0.0014   -0.0023   -0.0034   -0.0045   -0.0056   -0.0066
         0    0.0005    0.0020    0.0042    0.0070    0.0102    0.0138    0.0174    0.0210
         0   -0.0000   -0.0000   -0.0000   -0.0000   -0.0000   -0.0000   -0.0000   -0.0000
         0    0.0003    0.0013    0.0028    0.0047    0.0069    0.0093    0.0118    0.0144
         0   -0.0000   -0.0000   -0.0000   -0.0000   -0.0000   -0.0000   -0.0000   -0.0000
         0    0.0000    0.0000    0.0000    0.0000    0.0000    0.0000    0.0000    0.0000
         0   -0.0003   -0.0006   -0.0009   -0.0011   -0.0012   -0.0013   -0.0014   -0.0015
         0    0.0010    0.0019    0.0026    0.0032    0.0036    0.0040    0.0042    0.0043
         0   -0.0000   -0.0000   -0.0000   -0.0000   -0.0000   -0.0000   -0.0000   -0.0000
         0    0.0007    0.0012    0.0017    0.0021    0.0024    0.0026    0.0028    0.0028
         0   -0.0000   -0.0000   -0.0000   -0.0000   -0.0000   -0.0000   -0.0000   -0.0000

  Columns 10 through 18

    0.0000    0.0000   -0.0000   -0.0000   -0.0000   -0.0000   -0.0000   -0.0000   -0.0000
   -0.2266   -0.2186   -0.2100   -0.2010   -0.1917   -0.1824   -0.1733   -0.1647   -0.1566
    0.4139    0.3878    0.3587    0.3270    0.2931    0.2575    0.2205    0.1826    0.1444
    3.1416    3.1416    3.1416    3.1416    3.1416    3.1416    3.1416    3.1416    3.1416
    1.7581    1.7400    1.7195    1.6968    1.6722    1.6458    1.6179    1.5887    1.5586
   -0.0000    0.0000   -0.0000   -0.0000   -0.0000   -0.0000   -0.0000   -0.0000   -0.0000
    0.0000    0.0000   -0.0000   -0.0000   -0.0000   -0.0000   -0.0000   -0.0000   -0.0000
   -0.0075   -0.0083   -0.0088   -0.0092   -0.0093   -0.0092   -0.0089   -0.0084   -0.0077
    0.0244    0.0276    0.0304    0.0329    0.0349    0.0364    0.0375    0.0381    0.0383
   -0.0000   -0.0000    0.0000    0.0000    0.0000    0.0000    0.0000    0.0000   -0.0000
    0.0169    0.0193    0.0216    0.0237    0.0255    0.0272    0.0286    0.0297    0.0306
   -0.0000   -0.0000    0.0000    0.0000    0.0000    0.0000    0.0000    0.0000    0.0000
    0.0000    0.0000   -0.0000   -0.0000   -0.0000   -0.0000   -0.0000   -0.0000   -0.0000
   -0.0015   -0.0016   -0.0015   -0.0015   -0.0015   -0.0014   -0.0014   -0.0013   -0.0012
    0.0044    0.0044    0.0042    0.0040    0.0038    0.0035    0.0031    0.0028    0.0024
   -0.0000   -0.0000    0.0000    0.0000    0.0000    0.0000    0.0000    0.0000    0.0000
    0.0029    0.0028    0.0027    0.0025    0.0023    0.0021    0.0018    0.0015    0.0011
   -0.0000   -0.0000    0.0000    0.0000    0.0000    0.0000    0.0000    0.0000    0.0000

  Columns 19 through 27

   -0.0000   -0.0000   -0.0000   -0.0000   -0.0000   -0.0000   -0.0000   -0.0000   -0.0000
   -0.1492   -0.1428   -0.1373   -0.1328   -0.1294   -0.1271   -0.1257   -0.1253   -0.1256
    0.1061    0.0683    0.0312   -0.0048   -0.0395   -0.0724   -0.1036   -0.1326   -0.1595
    3.1416    3.1416    3.1416    3.1416    3.1416    3.1416    3.1416    3.1416    3.1416
    1.5277    1.4963    1.4647    1.4331    1.4019    1.3713    1.3415    1.3129    1.2857
   -0.0000   -0.0000   -0.0000   -0.0000   -0.0000   -0.0000   -0.0000   -0.0000   -0.0000
   -0.0000   -0.0000   -0.0000   -0.0000   -0.0000   -0.0000   -0.0000   -0.0000   -0.0000
   -0.0069   -0.0060   -0.0050   -0.0039   -0.0029   -0.0018   -0.0009   -0.0000    0.0007
    0.0381    0.0375    0.0366    0.0354    0.0338    0.0321    0.0301    0.0280    0.0257
   -0.0000   -0.0000   -0.0000   -0.0000   -0.0000   -0.0000   -0.0000   -0.0000   -0.0000
    0.0312    0.0315    0.0316    0.0314    0.0310    0.0302    0.0292    0.0280    0.0265
    0.0000    0.0000    0.0000    0.0000    0.0000    0.0000    0.0000    0.0000    0.0000
   -0.0000    0.0000    0.0000    0.0000    0.0000    0.0000    0.0000    0.0000    0.0000
   -0.0012   -0.0011   -0.0010   -0.0010   -0.0009   -0.0009   -0.0009   -0.0008   -0.0008
    0.0019    0.0015    0.0011    0.0007    0.0003   -0.0001   -0.0005   -0.0008   -0.0011
    0.0000    0.0000    0.0000    0.0000    0.0000    0.0000    0.0000    0.0000    0.0000
    0.0008    0.0004    0.0001   -0.0003   -0.0007   -0.0010   -0.0013   -0.0016   -0.0019
    0.0000    0.0000    0.0000    0.0000   -0.0000   -0.0000   -0.0000   -0.0000   -0.0000

  Columns 28 through 36

   -0.0000   -0.0000   -0.0000   -0.0000   -0.0000   -0.0000   -0.0000   -0.0000   -0.0000
   -0.1267   -0.1283   -0.1303   -0.1325   -0.1347   -0.1369   -0.1388   -0.1405   -0.1419
   -0.1840   -0.2062   -0.2259   -0.2432   -0.2581   -0.2706   -0.2808   -0.2889   -0.2950
    3.1416    3.1416    3.1416    3.1416    3.1416    3.1416    3.1416    3.1416    3.1416
    1.2600    1.2363    1.2146    1.1951    1.1780    1.1633    1.1512    1.1414    1.1340
   -0.0000   -0.0000   -0.0000   -0.0000   -0.0000   -0.0000   -0.0000   -0.0000   -0.0000
   -0.0000   -0.0000   -0.0000   -0.0000   -0.0000   -0.0000   -0.0000   -0.0000   -0.0000
    0.0014    0.0018    0.0021    0.0022    0.0022    0.0021    0.0018    0.0015    0.0012
    0.0234    0.0209    0.0185    0.0161    0.0137    0.0113    0.0091    0.0071    0.0052
   -0.0000   -0.0000   -0.0000   -0.0000   -0.0000   -0.0000   -0.0000   -0.0000   -0.0000
    0.0247    0.0228    0.0206    0.0183    0.0159    0.0134    0.0110    0.0086    0.0063
    0.0000    0.0000    0.0000    0.0000    0.0000    0.0000    0.0000    0.0000    0.0000
    0.0000    0.0000    0.0000    0.0000    0.0000    0.0000    0.0000    0.0000    0.0000
   -0.0008   -0.0007   -0.0007   -0.0007   -0.0006   -0.0006   -0.0005   -0.0005   -0.0004
   -0.0013   -0.0016   -0.0017   -0.0019   -0.0019   -0.0020   -0.0020   -0.0019   -0.0017
    0.0000    0.0000    0.0000    0.0000    0.0000    0.0000    0.0000    0.0000    0.0000
   -0.0021   -0.0023   -0.0024   -0.0025   -0.0026   -0.0026   -0.0025   -0.0024   -0.0022
   -0.0000   -0.0000   -0.0000   -0.0000   -0.0000   -0.0000   -0.0000   -0.0000   -0.0000

